4.05406518
4.04921763
4.04653122
4.02850201
4.03252351
4.04730116
4.04195689
4.05441134
4.04660121
4.05129824
4.05379596
4.05507422
4.05929642
4.05898862
4.05457264
4.06469811
4.06474745
4.07483916
4.07329503
4.08488826
4.09993739
4.11008345
4.22532831
4.20355698
4.1350717
4.12871242
4.14997619
4.1448684
4.15837015
4.15343016
4.15855446
4.18112594
4.18854149
4.20151933
4.22024418
4.22642897
4.24553786
4.25909054
4.26923556
4.28129182
4.29888539
4.31599146
4.33210437
4.34585254
4.35691469
4.36674708
4.40041097
4.41013201
4.43542034
4.4499328
4.47300476
4.50222774
4.51918364
4.56279153
4.56738324
4.60318979
4.58433973
4.54414565
4.45165788
4.41817688
4.36569416
4.30688692
4.26576379
4.22892149
4.20713419
4.18540557
4.16437367
4.15538693
4.13582746
4.11327618
4.10167251
4.08578259
4.06953674
4.04903624
4.0435831
4.02262285
4.00152755
3.99358028
3.97553113
3.96235643
3.94895714
3.92644864
3.91959067
3.90847417
3.89642161
3.88518059
3.86914774
3.86139165
3.84637904
3.83517438
3.82036533
3.81076728
3.80161983
3.78609517
3.77753802
3.76682293
3.76415067
3.74522297
3.73141305
3.7218548
3.71074956
3.70748814
3.69410791
3.68651701
3.67329545
3.65912563
3.64881715
3.63736296
3.63288493
3.61894164
3.60516645
3.59364534
3.58815764
3.580439
3.56786047
3.56902024
3.5503634
3.54156838
3.53372554
3.5210945
3.50898808
3.50824377
3.49551477
3.48621069
3.47926994
3.46919564
3.46132004
3.45055654
3.44565335
3.43373518
3.42753939
3.41981699
3.41218542
3.40124119
3.39389195
3.38588381
3.38057329
3.36997994
3.36267296
3.35362275
3.34623193
3.33739971
3.32649629
3.31999557
3.31376759
3.30358458
3.29548017
3.28927016
3.2805034
3.27618723
3.26924706
3.25632983
3.25204961
3.24505548
3.24141692
3.2299142
3.22361448
3.21939293
3.20402778
3.19995917
3.19216305
3.18833081
3.18300965
3.17384158
3.16410805
3.16118916
3.15576324
3.14313208
3.13647388
3.13010763
3.12160071
3.11810715
3.1125993
3.10778181
3.09901567
3.09447969
3.08345763
3.08172188
3.07147063
3.06184302
3.05929311
3.04918826
3.04681194
3.03615294
3.03275156
3.02747686
3.01930869
3.01568838
3.00754995
3.00729259
2.99543667
2.99005509
2.98117178
2.97791229
2.96949143
2.96211684
2.95705996
2.94494067
2.9413787
2.93753914
2.93321011
2.92837825
2.9228521
2.91804137
2.90846082
2.9041161
2.90155537
2.89224309
2.88812686
2.88106102
2.87057929
2.86255094
2.86336768
2.86090577
2.85060797
2.8502625
2.84437654
2.84044231
2.8326346
2.82525862
2.81995234
2.81492419
2.80867575
2.80513313
2.79824869
2.79301467
2.78782176
2.78337877
2.77451293
2.76827699
2.76523792
2.76272539
2.75729775
2.75214215
2.746523
2.74254153
2.7347175
2.73240513
2.72311337
2.71629253
2.71432525
2.70899117
2.70582249
2.69835547
2.69500528
2.69165594
2.6819887
2.68038884
2.67510609
2.67196414
2.66871404
2.66203564
2.65689036
2.65223355
2.64800812
2.64260954
2.63879029
2.63661078
2.62925389
2.6227175
2.61887648
2.61639557
2.61088065
2.60685175
2.60273188
2.59687164
2.5908471
2.58671091
2.58325398
2.57953298
2.57515553
2.57031849
2.56477866
2.56384192
2.55650399
2.55301635
2.54685215
2.54246435
2.53948661
2.53612096
2.53520178
2.54605242
2.56372594
2.5701224
2.56339976
2.54985598
2.55251228
2.55976335
2.57503418
2.58361213
2.59909035
2.60915442
2.6198934
2.62885117
2.63813845
2.64365755
2.65381163
2.66368468
2.67174298
2.68177672
2.68940095
2.69951966
2.70867328
2.71933228
2.73280573
2.73898236
2.7528805
2.75964773
2.77584896
2.78609961
2.79884388
2.80897093
2.82245257
2.83669449
2.84828725
2.86229357
2.86971269
2.8840599
2.89890897
2.91352066
2.92692512
2.94086945
2.97200332
2.99228887
3.00488258
3.01653201
3.03745512
3.04122142
3.05032887
3.05479069
3.06500913
3.07747698
3.0937321
3.0890209
3.10294618
3.10954953
3.12508121
3.13611447
3.153722
3.17124658
3.18140574
3.19704
3.20394294
3.22568931
3.24651673
3.25909136
3.27755957
3.29410525
3.31405158
3.33305263
3.34550417
3.37066626
3.38836187
3.41418035
3.44282955
3.45974653
3.49345087
3.51830414
3.55354481
3.58155113
3.62929866
3.65258683
3.68664297
3.71972134
3.74215664
3.78467544
3.81503925
3.8715507
3.93323621
3.97216348
4.02884849
4.06484917
4.12579998
4.18131893
4.21478193
4.26435556
4.29632005
4.34402317
4.37755326
4.41880046
4.4643208
4.49658012
4.53606634
4.56381087
4.60194571
4.6436758
4.67076939
4.70798146
4.74706745
4.76927912
4.80276215
4.83963722
4.8618756
4.89581716
4.92935919
4.95311201
4.98523229
5.00573073
5.03669349
5.06088182
5.09334005
5.12487262
5.14717904
5.17782565
5.19371754
5.22808286
5.25594547
5.27747873
5.30590855
5.32755578
5.35779369
5.38732264
5.40641093
5.4336066
5.45206104
5.47931236
5.50931698
5.52869092
5.55570867
5.57598003
5.60327231
5.62093472
5.6445269
5.66032006
5.68314288
5.70906312
5.72959937
5.75489383
5.77359265
5.80358061
5.82001096
5.84387211
5.86980208
5.88589442
5.90485581
5.9219472
5.94464406
5.96410344
5.99087702
6.00543978
6.03256717
