-2.0450092
-2.0952488
-2.128867
-2.1490719
-2.1724089
-2.213645
-2.2362435
-2.2788957
-2.3067756
-2.3315652
-2.3628043
-2.384155
-2.415983
-2.4359102
-2.4620576
-2.4872218
-2.51578
-2.5512142
-2.5689239
-2.6042255
-2.6281906
-2.6231589
-2.6154845
-2.581768
-2.5196423
-2.504749
-2.5087024
-2.4820971
-2.4721026
-2.4423708
-2.4291251
-2.4154787
-2.3864593
-2.3700413
-2.3463797
-2.325359
-2.2995993
-2.2699575
-2.2500255
-2.2184761
-2.2011195
-2.1698583
-2.148774
-2.1128109
-2.073715
-2.0483011
-2.0166664
-1.9871235
-1.9449303
-1.9168181
-1.8721112
-1.8276076
-1.7946308
-1.7461954
-1.7022707
-1.6502589
-1.5847107
-1.533963
-1.4746291
-1.4550383
-1.4316783
-1.4089719
-1.3931193
-1.3762852
-1.3644999
-1.3480665
-1.3297349
-1.318587
-1.2992492
-1.2785191
-1.2657116
-1.2474064
-1.2336299
-1.214478
-1.2041328
-1.1850927
-1.1666298
-1.1559533
-1.1384118
-1.1225564
-1.1103208
-1.0918918
-1.0822646
-1.0677444
-1.0529181
-1.0419316
-1.0256726
-1.0159501
-1.0002685
-0.9897342
-0.9743308
-0.963627
-0.9494926
-0.9339829
-0.924277
-0.9108837
-0.9026094
-0.8863754
-0.8719053
-0.8621217
-0.848525
-0.8404276
-0.8264201
-0.8173316
-0.8029182
-0.7887469
-0.7788637
-0.7649087
-0.7566424
-0.7429859
-0.7292604
-0.7193797
-0.7082015
-0.6995009
-0.6866034
-0.6795583
-0.6656241
-0.653385
-0.6446125
-0.6316858
-0.6184617
-0.6115513
-0.5985262
-0.5900999
-0.5781296
-0.566358
-0.5583274
-0.5462757
-0.5390323
-0.5270374
-0.5159908
-0.5079522
-0.4965511
-0.4851221
-0.4769149
-0.4658874
-0.4591477
-0.4471518
-0.4359059
-0.4278083
-0.4163267
-0.4084147
-0.397093
-0.3864253
-0.3791388
-0.3681629
-0.3577716
-0.350249
-0.3393773
-0.3327122
-0.322389
-0.3110266
-0.3045613
-0.2940619
-0.2873739
-0.2760673
-0.2685757
-0.2587692
-0.247332
-0.2405936
-0.2310342
-0.2245697
-0.2145985
-0.2078556
-0.1980931
-0.1916615
-0.1820802
-0.171767
-0.1651305
-0.1556962
-0.149302
-0.1400271
-0.1302804
-0.1241446
-0.1140593
-0.1076129
-0.0983487
-0.0918091
-0.0817037
-0.0727973
-0.0663711
-0.0574006
-0.0511341
-0.0414382
-0.0351831
-0.0261494
-0.0170727
-0.0108031
-0.0019115
0.00415292
0.01319833
0.01915338
0.02825658
0.03501772
0.0437486
0.05328747
0.05944389
0.06924983
0.07494168
0.08427223
0.09308228
0.09917825
0.1084422
0.11458314
0.1235644
0.13225349
0.13790677
0.14620502
0.15199712
0.16064502
0.16608615
0.17444905
0.18075748
0.18936185
0.19736966
0.20351741
0.21187333
0.21790327
0.22630143
0.23555763
0.24081265
0.24961709
0.25794942
0.26391706
0.27182937
0.27725473
0.28539953
0.29128024
0.29851817
0.30376801
0.31181472
0.32003727
0.3255654
0.33366216
0.33922358
0.347315
0.35517069
0.36097795
0.36851783
0.37677221
0.38250422
0.39091657
0.39672682
0.40447462
0.41315594
0.41859035
0.42590497
0.43175105
0.44025597
0.44834833
0.4534018
0.46146877
0.46643496
0.47487668
0.48284632
0.48810196
0.49597695
0.5015559
0.50872708
0.51417905
0.52135998
0.53003385
0.53454729
0.54265435
0.54793069
0.5561914
0.56137341
0.56891868
0.57460761
0.58269238
0.59076447
0.59589992
0.60347631
0.6096509
0.61624185
0.62189807
0.62963122
0.63740503
0.64281326
0.65066119
0.65660785
0.66865093
0.67615049
0.67871265
0.67265841
0.66483884
0.65783815
0.65533661
0.65355614
0.65264048
0.65222974
0.65263896
0.65320739
0.65457002
0.65612496
0.65671993
0.65846771
0.65988347
0.66126015
0.66273412
0.66387067
0.66519738
0.66664565
0.66818615
0.67025891
0.67091432
0.67297397
0.67369277
0.67593742
0.67733186
0.67862064
0.67979078
0.68115861
0.68276079
0.68425418
0.68552107
0.68591981
0.68704278
0.68838648
0.69032995
0.69115536
0.69291347
0.69763433
0.69774782
0.68846342
0.68075101
0.6669926
0.64950304
0.63826825
0.616467
0.6035459
0.58355611
0.57176928
0.5479321
0.52758769
0.51328858
0.49430641
0.48163571
0.46263379
0.44356246
0.43047128
0.4100387
0.38805084
0.37530949
0.35460811
0.34056132
0.3181071
0.302848
0.27945347
0.25461929
0.23783164
0.21207415
0.19395043
0.1667795
0.13795997
0.11747569
0.0852723
0.06238108
0.02549129
-0.0010152
-0.0445724
-0.0757604
-0.1184539
-0.1552828
-0.1797961
-0.2116296
-0.2299391
-0.2476952
-0.2525847
-0.2510918
-0.2460473
-0.2422522
-0.237935
-0.2358796
-0.2357686
-0.2373768
-0.2392513
-0.2431929
-0.2462461
-0.2502866
-0.2545585
-0.2575965
-0.2619568
-0.2651829
-0.2696526
-0.2739347
-0.2767165
-0.2804562
-0.2845244
-0.2874032
-0.2915753
-0.2958157
-0.2983993
-0.3023147
-0.3060748
-0.3088034
-0.3132071
-0.316087
-0.3201991
-0.3231265
-0.3271623
-0.3310123
-0.3336184
-0.3375137
-0.3401149
-0.3447304
-0.3485321
-0.3513379
-0.3551021
-0.3576715
-0.3614956
-0.3650759
-0.3676428
-0.3715048
-0.3742817
-0.377934
-0.3819079
-0.3843864
-0.3879876
-0.3905914
-0.3940412
-0.3964875
-0.4001289
-0.4025875
-0.4060653
-0.4096225
-0.4122413
-0.4156978
-0.4180278
-0.4217647
-0.4240523
-0.4274428
-0.4313012
-0.4338118
-0.4369638
-0.4392807
-0.4425941
-0.4450084
-0.4485355
-0.4506657
-0.4541908
